0.359909	0.359909	3
0.766259	0.766259	4
1.184218	1.184218	1
1.567347	1.567347	2
1.973696	1.973696	3
2.403265	2.403265	4
2.809615	2.809615	1
3.204354	3.204354	2
3.622313	3.622313	3
4.040272	4.040272	4
4.458231	4.458231	1
4.864580	4.864580	2
5.270930	5.270930	3
5.665669	5.665669	4
6.072018	6.072018	1
6.478367	6.478367	2
6.884717	6.884717	3
7.291066	7.291066	4
7.685805	7.685805	1
8.057324	8.057324	2
8.440454	8.440454	3
8.835193	8.835193	4
9.229932	9.229932	1
9.636281	9.636281	2
10.031020	10.031020	3
10.437370	10.437370	4
10.832109	10.832109	1
11.226848	11.226848	2
11.609977	11.609977	3
11.993107	11.993107	4
12.387846	12.387846	1
12.782585	12.782585	2
13.188934	13.188934	3
13.595283	13.595283	4
13.990023	13.990023	1
14.373152	14.373152	2
14.767891	14.767891	3
15.151020	15.151020	4
15.557370	15.557370	1
15.952109	15.952109	2
16.346848	16.346848	3
16.741587	16.741587	4
17.147937	17.147937	1
17.531066	17.531066	2
17.925805	17.925805	3
18.332154	18.332154	4
18.726893	18.726893	1
19.133243	19.133243	2
19.527982	19.527982	3
19.911111	19.911111	4
20.305850	20.305850	1
20.688980	20.688980	2
21.072109	21.072109	3
21.443628	21.443628	4
21.826757	21.826757	1
22.233107	22.233107	2
22.627846	22.627846	3
23.034195	23.034195	4
23.428934	23.428934	1
23.812063	23.812063	2
24.206803	24.206803	3
24.613152	24.613152	4
24.996281	24.996281	1
25.391020	25.391020	2
25.785760	25.785760	3
26.168889	26.168889	4
26.563628	26.563628	1
26.946757	26.946757	2
27.329887	27.329887	3
27.713016	27.713016	4
28.096145	28.096145	1
28.490884	28.490884	2
28.885624	28.885624	3
29.291973	29.291973	4
29.686712	29.686712	1
30.081451	30.081451	2
30.476190	30.476190	3
30.870930	30.870930	4
31.277279	31.277279	1
31.672018	31.672018	2
32.066757	32.066757	3
32.461497	32.461497	4
32.844626	32.844626	1
33.239365	33.239365	2
33.634104	33.634104	3
34.017234	34.017234	4
34.411973	34.411973	1
34.795102	34.795102	2
35.178231	35.178231	3
35.561361	35.561361	4
35.944490	35.944490	1
36.339229	36.339229	2
36.733968	36.733968	3
37.128707	37.128707	4
37.500227	37.500227	1
37.883356	37.883356	2
38.266485	38.266485	3
38.638005	38.638005	4
39.009524	39.009524	1
39.392653	39.392653	2
39.775782	39.775782	3
40.170522	40.170522	4
40.565261	40.565261	1
40.948390	40.948390	2
41.343129	41.343129	3
41.726259	41.726259	4
42.109388	42.109388	1
42.492517	42.492517	2
42.864036	42.864036	3
43.247166	43.247166	4
43.641905	43.641905	1
44.025034	44.025034	2
44.396553	44.396553	3
44.791293	44.791293	4
45.186032	45.186032	1
45.569161	45.569161	2
45.952290	45.952290	3
46.323810	46.323810	4
46.706939	46.706939	1
47.090068	47.090068	2
47.473197	47.473197	3
47.856327	47.856327	4
48.239456	48.239456	1
48.622585	48.622585	2
49.005714	49.005714	3
49.388844	49.388844	4
49.771973	49.771973	1
50.166712	50.166712	2
50.549841	50.549841	3
50.944580	50.944580	4
51.339320	51.339320	1
51.710839	51.710839	2
52.093968	52.093968	3
52.477098	52.477098	4
52.848617	52.848617	1
53.220136	53.220136	2
53.580045	53.580045	3
53.963175	53.963175	4
54.346304	54.346304	1
54.741043	54.741043	2
55.135782	55.135782	3
55.542132	55.542132	4
55.925261	55.925261	1
56.320000	56.320000	2
56.714739	56.714739	3
57.086259	57.086259	4
57.469388	57.469388	1
57.852517	57.852517	2
58.247256	58.247256	3
58.630385	58.630385	4
59.025125	59.025125	1
59.396644	59.396644	2
59.779773	59.779773	3
60.162902	60.162902	4
60.546032	60.546032	1
60.929161	60.929161	2
61.312290	61.312290	3
61.695420	61.695420	4
62.078549	62.078549	1
62.461678	62.461678	2
62.856417	62.856417	3
63.239546	63.239546	4
63.611066	63.611066	1
63.994195	63.994195	2
64.377324	64.377324	3
64.760454	64.760454	4
65.131973	65.131973	1
65.515102	65.515102	2
65.898231	65.898231	3
66.269751	66.269751	4
66.652880	66.652880	1
67.047619	67.047619	2
67.430748	67.430748	3
67.813878	67.813878	4
68.197007	68.197007	1
68.580136	68.580136	2
68.963265	68.963265	3
69.346395	69.346395	4
69.729524	69.729524	1
70.101043	70.101043	2
70.484172	70.484172	3
70.855692	70.855692	4
71.238821	71.238821	1
71.621950	71.621950	2
72.005079	72.005079	3
72.388209	72.388209	4
72.759728	72.759728	1
73.131247	73.131247	2
73.502766	73.502766	3
73.874286	73.874286	4
74.257415	74.257415	1
74.640544	74.640544	2
75.023673	75.023673	3
75.406803	75.406803	4
75.789932	75.789932	1
76.161451	76.161451	2
76.544580	76.544580	3
76.927710	76.927710	4
77.310839	77.310839	1
77.705578	77.705578	2
78.100317	78.100317	3
78.483447	78.483447	4
78.901406	78.901406	1
79.307755	79.307755	2
79.725714	79.725714	3
80.132063	80.132063	4
80.538413	80.538413	1
80.944762	80.944762	2
81.351111	81.351111	3
81.769070	81.769070	4
82.175420	82.175420	1
82.581769	82.581769	2
82.988118	82.988118	3
83.394467	83.394467	4
83.800816	83.800816	1
84.207166	84.207166	2
84.625125	84.625125	3
85.031474	85.031474	4
