0.325079	0.325079	1
1.079728	1.079728	2
1.520907	1.520907	3
2.020136	2.020136	4
2.554195	2.554195	1
3.099864	3.099864	2
3.587483	3.587483	3
4.086712	4.086712	4
4.609161	4.609161	1
5.108390	5.108390	2
5.630839	5.630839	3
6.153288	6.153288	4
6.687347	6.687347	1
7.221406	7.221406	2
7.755465	7.755465	3
8.277914	8.277914	4
8.811973	8.811973	1
9.392472	9.392472	2
9.938141	9.938141	3
10.634739	10.634739	4
11.342948	11.342948	1
12.016327	12.016327	2
12.712925	12.712925	3
13.421134	13.421134	4
14.106122	14.106122	1
14.791111	14.791111	2
15.476100	15.476100	3
16.161088	16.161088	4
16.788027	16.788027	1
17.414966	17.414966	2
18.007075	18.007075	3
18.599184	18.599184	4
19.214512	19.214512	1
19.829841	19.829841	2
20.410340	20.410340	3
21.002449	21.002449	4
21.617778	21.617778	1
22.221497	22.221497	2
22.697506	22.697506	3
23.185125	23.185125	4
23.661134	23.661134	1
24.079093	24.079093	2
24.520272	24.520272	3
24.973061	24.973061	4
25.425850	25.425850	1
25.855420	25.855420	2
26.284989	26.284989	3
26.702948	26.702948	4
27.120907	27.120907	1
27.538866	27.538866	2
27.956825	27.956825	3
28.398005	28.398005	4
28.850794	28.850794	1
29.291973	29.291973	2
29.733152	29.733152	3
30.185941	30.185941	4
30.650340	30.650340	1
31.126349	31.126349	2
31.509478	31.509478	3
31.869388	31.869388	4
32.229297	32.229297	1
32.577596	32.577596	2
32.937506	32.937506	3
33.297415	33.297415	4
33.657324	33.657324	1
34.028844	34.028844	2
34.411973	34.411973	3
34.783492	34.783492	4
35.155011	35.155011	1
35.526531	35.526531	2
35.909660	35.909660	3
36.292789	36.292789	4
36.675918	36.675918	1
37.070658	37.070658	2
37.453787	37.453787	3
37.848526	37.848526	4
38.231655	38.231655	1
38.614785	38.614785	2
38.997914	38.997914	3
39.392653	39.392653	4
39.787392	39.787392	1
40.158912	40.158912	2
40.542041	40.542041	3
40.925170	40.925170	4
41.308299	41.308299	1
41.691429	41.691429	2
42.074558	42.074558	3
42.446077	42.446077	4
42.829206	42.829206	1
43.212336	43.212336	2
43.583855	43.583855	3
43.978594	43.978594	4
44.350113	44.350113	1
44.721633	44.721633	2
45.093152	45.093152	3
45.464671	45.464671	4
45.836190	45.836190	1
46.219320	46.219320	2
46.590839	46.590839	3
46.973968	46.973968	4
47.368707	47.368707	1
47.751837	47.751837	2
48.134966	48.134966	3
48.518095	48.518095	4
48.901224	48.901224	1
49.284354	49.284354	2
49.655873	49.655873	3
50.039002	50.039002	4
50.422132	50.422132	1
50.782041	50.782041	2
51.141950	51.141950	3
51.513469	51.513469	4
51.873379	51.873379	1
52.244898	52.244898	2
52.616417	52.616417	3
52.999546	52.999546	4
53.382676	53.382676	1
53.777415	53.777415	2
54.172154	54.172154	3
54.555283	54.555283	4
54.938413	54.938413	1
55.321542	55.321542	2
55.704671	55.704671	3
56.099410	56.099410	4
56.494150	56.494150	1
56.877279	56.877279	2
57.260408	57.260408	3
57.655147	57.655147	4
58.049887	58.049887	1
58.444626	58.444626	2
58.839365	58.839365	3
59.234104	59.234104	4
59.605624	59.605624	1
59.988753	59.988753	2
60.371882	60.371882	3
60.755011	60.755011	4
61.138141	61.138141	1
61.521270	61.521270	2
61.904399	61.904399	3
62.287528	62.287528	4
62.670658	62.670658	1
63.042177	63.042177	2
63.413696	63.413696	3
63.785215	63.785215	4
64.168345	64.168345	1
64.551474	64.551474	2
64.934603	64.934603	3
65.329342	65.329342	4
65.712472	65.712472	1
66.095601	66.095601	2
66.478730	66.478730	3
66.861859	66.861859	4
67.256599	67.256599	1
67.639728	67.639728	2
68.034467	68.034467	3
68.429206	68.429206	4
68.823946	68.823946	1
69.218685	69.218685	2
69.601814	69.601814	3
69.996553	69.996553	4
70.391293	70.391293	1
70.786032	70.786032	2
71.169161	71.169161	3
71.552290	71.552290	4
71.947029	71.947029	1
72.341769	72.341769	2
72.724898	72.724898	3
73.119637	73.119637	4
73.502766	73.502766	1
73.885896	73.885896	2
74.269025	74.269025	3
74.652154	74.652154	4
75.046893	75.046893	1
75.453243	75.453243	2
75.847982	75.847982	3
76.242721	76.242721	4
76.625850	76.625850	1
77.008980	77.008980	2
77.403719	77.403719	3
77.798458	77.798458	4
78.193197	78.193197	1
78.587937	78.587937	2
78.982676	78.982676	3
79.377415	79.377415	4
79.760544	79.760544	1
80.155283	80.155283	2
80.550023	80.550023	3
80.944762	80.944762	4
81.327891	81.327891	1
81.722630	81.722630	2
82.117370	82.117370	3
82.512109	82.512109	4
82.906848	82.906848	1
83.301587	83.301587	2
83.684717	83.684717	3
84.079456	84.079456	4
84.462585	84.462585	1
84.834104	84.834104	2
85.217234	85.217234	3
85.600363	85.600363	4
85.995102	85.995102	1
86.378231	86.378231	2
86.761361	86.761361	3
87.144490	87.144490	4
87.527619	87.527619	1
87.910748	87.910748	2
88.293878	88.293878	3
88.677007	88.677007	4
89.071746	89.071746	1
89.466485	89.466485	2
89.872834	89.872834	3
90.267574	90.267574	4
90.650703	90.650703	1
91.045442	91.045442	2
91.440181	91.440181	3
91.823311	91.823311	4
92.194830	92.194830	1
92.589569	92.589569	2
92.995918	92.995918	3
93.390658	93.390658	4
93.785397	93.785397	1
94.180136	94.180136	2
94.563265	94.563265	3
94.946395	94.946395	4
95.329524	95.329524	1
95.735873	95.735873	2
96.142222	96.142222	3
96.536961	96.536961	4
96.920091	96.920091	1
97.303220	97.303220	2
97.686349	97.686349	3
98.069478	98.069478	4
98.464218	98.464218	1
98.847347	98.847347	2
99.242086	99.242086	3
99.625215	99.625215	4
100.019955	100.019955	1
100.403084	100.403084	2
100.809433	100.809433	3
101.204172	101.204172	4
101.598912	101.598912	1
101.982041	101.982041	2
102.353560	102.353560	3
102.725079	102.725079	4
103.084989	103.084989	1
103.456508	103.456508	2
103.839637	103.839637	3
104.222766	104.222766	4
104.605896	104.605896	1
104.977415	104.977415	2
105.372154	105.372154	3
105.766893	105.766893	4
106.150023	106.150023	1
106.533152	106.533152	2
106.916281	106.916281	3
107.311020	107.311020	4
107.705760	107.705760	1
108.088889	108.088889	2
108.472018	108.472018	3
108.855147	108.855147	4
109.238277	109.238277	1
109.633016	109.633016	2
110.027755	110.027755	3
110.422494	110.422494	4
110.817234	110.817234	1
111.211973	111.211973	2
111.606712	111.606712	3
111.989841	111.989841	4
112.372971	112.372971	1
112.767710	112.767710	2
113.150839	113.150839	3
113.545578	113.545578	4
113.928707	113.928707	1
114.323447	114.323447	2
114.706576	114.706576	3
115.101315	115.101315	4
115.484444	115.484444	1
115.879184	115.879184	2
116.262313	116.262313	3
116.645442	116.645442	4
117.028571	117.028571	1
117.411701	117.411701	2
117.806440	117.806440	3
118.189569	118.189569	4
118.572698	118.572698	1
118.955828	118.955828	2
119.338957	119.338957	3
119.733696	119.733696	4
120.128435	120.128435	1
120.488345	120.488345	2
120.848254	120.848254	3
121.208163	121.208163	4
121.568073	121.568073	1
121.939592	121.939592	2
122.311111	122.311111	3
122.682630	122.682630	4
123.065760	123.065760	1
123.437279	123.437279	2
123.808798	123.808798	3
124.191927	124.191927	4
124.575057	124.575057	1
124.946576	124.946576	2
125.318095	125.318095	3
125.701224	125.701224	4
126.084354	126.084354	1
126.467483	126.467483	2
126.839002	126.839002	3
127.222132	127.222132	4
127.616871	127.616871	1
128.000000	128.000000	2
128.383129	128.383129	3
128.754649	128.754649	4
129.137778	129.137778	1
129.532517	129.532517	2
129.915646	129.915646	3
130.298776	130.298776	4
130.681905	130.681905	1
131.065034	131.065034	2
131.436553	131.436553	3
131.808073	131.808073	4
132.191202	132.191202	1
132.574331	132.574331	2
132.945850	132.945850	3
133.328980	133.328980	4
133.700499	133.700499	1
134.083628	134.083628	2
134.466757	134.466757	3
134.849887	134.849887	4
135.233016	135.233016	1
135.616145	135.616145	2
135.999274	135.999274	3
136.370794	136.370794	4
136.742313	136.742313	1
137.113832	137.113832	2
137.485351	137.485351	3
137.845261	137.845261	4
138.228390	138.228390	1
138.611519	138.611519	2
138.994649	138.994649	3
139.377778	139.377778	4
139.760907	139.760907	1
140.144036	140.144036	2
140.538776	140.538776	3
140.921905	140.921905	4
141.305034	141.305034	1
141.688163	141.688163	2
142.059683	142.059683	3
142.442812	142.442812	4
142.837551	142.837551	1
143.220680	143.220680	2
143.603810	143.603810	3
143.998549	143.998549	4
144.381678	144.381678	1
144.764807	144.764807	2
145.147937	145.147937	3
145.519456	145.519456	4
145.902585	145.902585	1
146.285714	146.285714	2
146.668844	146.668844	3
147.040363	147.040363	4
147.411882	147.411882	1
147.783401	147.783401	2
148.154921	148.154921	3
148.526440	148.526440	4
148.897959	148.897959	1
149.269478	149.269478	2
149.640998	149.640998	3
150.012517	150.012517	4
150.395646	150.395646	1
150.778776	150.778776	2
151.161905	151.161905	3
151.545034	151.545034	4
151.928163	151.928163	1
152.322902	152.322902	2
152.717642	152.717642	3
153.100771	153.100771	4
153.483900	153.483900	1
153.878639	153.878639	2
154.261769	154.261769	3
154.644898	154.644898	4
155.028027	155.028027	1
155.411156	155.411156	2
155.805896	155.805896	3
156.189025	156.189025	4
156.572154	156.572154	1
156.966893	156.966893	2
157.350023	157.350023	3
157.744762	157.744762	4
158.127891	158.127891	1
158.511020	158.511020	2
158.894150	158.894150	3
159.265669	159.265669	4
159.648798	159.648798	1
160.020317	160.020317	2
160.403447	160.403447	3
160.786576	160.786576	4
161.169705	161.169705	1
161.552834	161.552834	2
161.947574	161.947574	3
162.353923	162.353923	4
162.748662	162.748662	1
163.131791	163.131791	2
163.514921	163.514921	3
163.909660	163.909660	4
164.292789	164.292789	1
164.675918	164.675918	2
165.070658	165.070658	3
165.465397	165.465397	4
165.848526	165.848526	1
166.231655	166.231655	2
166.626395	166.626395	3
167.009524	167.009524	4
167.404263	167.404263	1
167.787392	167.787392	2
168.170522	168.170522	3
168.565261	168.565261	4
168.960000	168.960000	1
169.354739	169.354739	2
169.749478	169.749478	3
170.144218	170.144218	4
170.538957	170.538957	1
170.922086	170.922086	2
171.293605	171.293605	3
171.688345	171.688345	4
172.071474	172.071474	1
172.466213	172.466213	2
172.849342	172.849342	3
173.232472	173.232472	4
173.603991	173.603991	1
173.987120	173.987120	2
174.370249	174.370249	3
174.764989	174.764989	4
175.159728	175.159728	1
175.542857	175.542857	2
175.925986	175.925986	3
176.309116	176.309116	4
176.692245	176.692245	1
177.063764	177.063764	2
177.435283	177.435283	3
177.806803	177.806803	4
178.189932	178.189932	1
178.561451	178.561451	2
178.944580	178.944580	3
179.327710	179.327710	4
179.699229	179.699229	1
180.082358	180.082358	2
180.465488	180.465488	3
180.848617	180.848617	4
181.243356	181.243356	1
181.626485	181.626485	2
182.009615	182.009615	3
182.381134	182.381134	4
182.764263	182.764263	1
183.147392	183.147392	2
183.518912	183.518912	3
183.902041	183.902041	4
184.285170	184.285170	1
184.679909	184.679909	2
185.074649	185.074649	3
185.457778	185.457778	4
185.852517	185.852517	1
186.235646	186.235646	2
186.618776	186.618776	3
187.001905	187.001905	4
187.385034	187.385034	1
187.768163	187.768163	2
188.174512	188.174512	3
188.569252	188.569252	4
188.963991	188.963991	1
189.370340	189.370340	2
189.776689	189.776689	3
190.183039	190.183039	4
190.589388	190.589388	1
190.995737	190.995737	2
191.390476	191.390476	3
191.785215	191.785215	4
192.179955	192.179955	1
192.574694	192.574694	2
192.957823	192.957823	3
193.340952	193.340952	4
193.724082	193.724082	1
194.118821	194.118821	2
194.501950	194.501950	3
194.896689	194.896689	4
195.303039	195.303039	1
195.697778	195.697778	2
196.092517	196.092517	3
196.475646	196.475646	4
196.858776	196.858776	1
197.253515	197.253515	2
197.648254	197.648254	3
198.042993	198.042993	4
198.437732	198.437732	1
198.832472	198.832472	2
199.227211	199.227211	3
199.621950	199.621950	4
200.028299	200.028299	1
200.423039	200.423039	2
200.829388	200.829388	3
201.224127	201.224127	4
201.618866	201.618866	1
202.025215	202.025215	2
202.408345	202.408345	3
202.791474	202.791474	4
203.186213	203.186213	1
203.569342	203.569342	2
203.964082	203.964082	3
204.347211	204.347211	4
204.741950	204.741950	1
205.136689	205.136689	2
205.531429	205.531429	3
205.926168	205.926168	4
206.320907	206.320907	1
206.715646	206.715646	2
207.110385	207.110385	3
207.505125	207.505125	4
207.899864	207.899864	1=
