0.232200	0.232200	1
0.638549	0.638549	2
1.033288	1.033288	3
1.451247	1.451247	4
1.857596	1.857596	1
2.263946	2.263946	2
2.681905	2.681905	3
3.076644	3.076644	4
3.471383	3.471383	1
3.877732	3.877732	2
4.284082	4.284082	3
4.690431	4.690431	4
5.085170	5.085170	1
5.491519	5.491519	2
5.897868	5.897868	3
6.315828	6.315828	4
6.722177	6.722177	1
7.116916	7.116916	2
7.511655	7.511655	3
7.918005	7.918005	4
8.324354	8.324354	1
8.730703	8.730703	2
9.125442	9.125442	3
9.531791	9.531791	4
9.938141	9.938141	1
10.344490	10.344490	2
10.750839	10.750839	3
11.157188	11.157188	4
11.563537	11.563537	1
11.969887	11.969887	2
12.364626	12.364626	3
12.770975	12.770975	4
13.177324	13.177324	1
13.595283	13.595283	2
13.990023	13.990023	3
14.396372	14.396372	4
14.802721	14.802721	1
15.209070	15.209070	2
15.615420	15.615420	3
16.021769	16.021769	4
16.416508	16.416508	1
16.822857	16.822857	2
17.229206	17.229206	3
17.623946	17.623946	4
18.030295	18.030295	1
18.436644	18.436644	2
18.842993	18.842993	3
19.249342	19.249342	4
19.655692	19.655692	1
20.062041	20.062041	2
20.456780	20.456780	3
20.863129	20.863129	4
21.269478	21.269478	1
21.664218	21.664218	2
22.058957	22.058957	3
22.465306	22.465306	4
22.871655	22.871655	1
23.278005	23.278005	2
23.684354	23.684354	3
24.090703	24.090703	4
24.497052	24.497052	1
24.903401	24.903401	2
25.309751	25.309751	3
25.704490	25.704490	4
26.110839	26.110839	1
26.517188	26.517188	2
26.923537	26.923537	3
27.329887	27.329887	4
27.736236	27.736236	1
28.142585	28.142585	2
28.537324	28.537324	3
28.943673	28.943673	4
29.338413	29.338413	1
29.756372	29.756372	2
30.162721	30.162721	3
30.557460	30.557460	4
30.987029	30.987029	1
31.393379	31.393379	2
31.788118	31.788118	3
32.194467	32.194467	4
32.589206	32.589206	1
32.995556	32.995556	2
33.390295	33.390295	3
33.808254	33.808254	4
34.202993	34.202993	1
34.609342	34.609342	2
35.015692	35.015692	3
35.422041	35.422041	4
35.828390	35.828390	1
36.223129	36.223129	2
36.629478	36.629478	3
37.035828	37.035828	4
37.430567	37.430567	1
37.836916	37.836916	2
38.243265	38.243265	3
38.649615	38.649615	4
39.055964	39.055964	1
39.450703	39.450703	2
39.857052	39.857052	3
40.263401	40.263401	4
40.681361	40.681361	1
41.087710	41.087710	2
41.494059	41.494059	3
41.888798	41.888798	4
42.295147	42.295147	1
42.689887	42.689887	2
43.096236	43.096236	3
43.502585	43.502585	4
43.908934	43.908934	1
44.303673	44.303673	2
44.710023	44.710023	3
45.116372	45.116372	4
45.522721	45.522721	1
45.929070	45.929070	2
46.335420	46.335420	3
46.730159	46.730159	4
47.136508	47.136508	1
47.542857	47.542857	2
47.949206	47.949206	3
48.355556	48.355556	4
48.761905	48.761905	1
49.168254	49.168254	2
49.574603	49.574603	3
49.980952	49.980952	4
50.387302	50.387302	1
50.782041	50.782041	2
51.176780	51.176780	3
51.594739	51.594739	4
52.001088	52.001088	1
52.419048	52.419048	2
52.813787	52.813787	3
53.208526	53.208526	4
53.614875	53.614875	1
54.009615	54.009615	2
54.427574	54.427574	3
54.833923	54.833923	4
55.240272	55.240272	1
55.646621	55.646621	2
56.041361	56.041361	3
56.447710	56.447710	4
56.854059	56.854059	1
57.272018	57.272018	2
57.678367	57.678367	3
58.073107	58.073107	4
58.479456	58.479456	1
58.885805	58.885805	2
59.292154	59.292154	3
59.686893	59.686893	4
60.093243	60.093243	1
60.487982	60.487982	2
60.894331	60.894331	3
61.300680	61.300680	4
61.707029	61.707029	1
62.113379	62.113379	2
62.519728	62.519728	3
62.914467	62.914467	4
63.332426	63.332426	1
63.738776	63.738776	2
64.145125	64.145125	3
64.563084	64.563084	4
64.969433	64.969433	1
65.364172	65.364172	2
65.758912	65.758912	3
66.153651	66.153651	4
66.560000	66.560000	1
66.966349	66.966349	2
67.372698	67.372698	3
67.767438	67.767438	4
68.173787	68.173787	1
68.580136	68.580136	2
68.974875	68.974875	3
69.381224	69.381224	4
69.787574	69.787574	1
70.193923	70.193923	2
70.588662	70.588662	3
70.995011	70.995011	4
71.401361	71.401361	1
71.807710	71.807710	2
72.214059	72.214059	3
72.620408	72.620408	4
73.015147	73.015147	1
73.409887	73.409887	2
73.816236	73.816236	3
74.222585	74.222585	4
74.628934	74.628934	1
75.035283	75.035283	2
75.441633	75.441633	3
75.847982	75.847982	4
76.254331	76.254331	1
76.660680	76.660680	2
77.067029	77.067029	3
77.473379	77.473379	4
77.879728	77.879728	1
78.274467	78.274467	2
78.680816	78.680816	3
79.087166	79.087166	4
79.493515	79.493515	1
79.888254	79.888254	2
80.294603	80.294603	3
80.700952	80.700952	4
81.095692	81.095692	1
81.502041	81.502041	2
81.908390	81.908390	3
82.314739	82.314739	4
82.721088	82.721088	1
83.127438	83.127438	2
83.533787	83.533787	3
83.940136	83.940136	4
84.346485	84.346485	1
84.741224	84.741224	2
85.135964	85.135964	3
85.553923	85.553923	4
85.960272	85.960272	1
86.366621	86.366621	2
86.761361	86.761361	3
87.167710	87.167710	4
87.574059	87.574059	1
87.968798	87.968798	2
88.375147	88.375147	3
88.781497	88.781497	4
89.187846	89.187846	1
89.582585	89.582585	2
89.988934	89.988934	3
90.383673	90.383673	4
90.778413	90.778413	1
91.184762	91.184762	2
91.591111	91.591111	3
91.997460	91.997460	4
92.403810	92.403810	1
92.810159	92.810159	2
93.216508	93.216508	3
93.622857	93.622857	4
94.029206	94.029206	1
94.435556	94.435556	2
94.841905	94.841905	3
95.248254	95.248254	4
95.654603	95.654603	1
96.072562	96.072562	2
96.478912	96.478912	3
96.873651	96.873651	4
97.268390	97.268390	1
97.663129	97.663129	2
98.069478	98.069478	3
98.487438	98.487438	4
98.905397	98.905397	1
99.300136	99.300136	2
99.706485	99.706485	3
100.112834	100.112834	4
100.519184	100.519184	1
100.925533	100.925533	2
101.331882	101.331882	3
101.726621	101.726621	4
102.121361	102.121361	1
102.527710	102.527710	2
102.945669	102.945669	3
103.352018	103.352018	4
103.758367	103.758367	1
104.153107	104.153107	2
104.559456	104.559456	3
104.954195	104.954195	4
105.360544	105.360544	1
105.766893	105.766893	2
106.184853	106.184853	3
106.591202	106.591202	4
106.997551	106.997551	1
107.403900	107.403900	2
107.810249	107.810249	3
108.216599	108.216599	4
108.599728	108.599728	1
109.006077	109.006077	2
109.412426	109.412426	3
109.818776	109.818776	4
110.213515	110.213515	1
110.631474	110.631474	2
111.037823	111.037823	3
111.444172	111.444172	4
111.838912	111.838912	1
112.245261	112.245261	2
112.651610	112.651610	3
113.057959	113.057959	4
113.452698	113.452698	1
113.847438	113.847438	2
114.253787	114.253787	3
114.660136	114.660136	4
115.054875	115.054875	1
115.461224	115.461224	2
115.879184	115.879184	3
116.273923	116.273923	4
116.668662	116.668662	1
117.086621	117.086621	2
117.492971	117.492971	3
117.899320	117.899320	4
118.294059	118.294059	1
118.700408	118.700408	2
119.118367	119.118367	3
119.524717	119.524717	4
119.931066	119.931066	1
120.325805	120.325805	2
120.732154	120.732154	3
121.138503	121.138503	4
121.533243	121.533243	1
121.939592	121.939592	2
122.334331	122.334331	3
122.729070	122.729070	4
123.123810	123.123810	1
123.541769	123.541769	2
123.948118	123.948118	3
124.354467	124.354467	4
124.749206	124.749206	1
125.155556	125.155556	2
125.573515	125.573515	3
125.979864	125.979864	4
126.397823	126.397823	1
126.792562	126.792562	2
127.187302	127.187302	3
127.582041	127.582041	4
127.988390	127.988390	1
128.406349	128.406349	2
128.812698	128.812698	3
129.219048	129.219048	4
129.625397	129.625397	1
130.031746	130.031746	2
130.426485	130.426485	3
130.821224	130.821224	4
131.239184	131.239184	1
131.645533	131.645533	2
132.051882	132.051882	3
132.446621	132.446621	4
132.852971	132.852971	1
133.259320	133.259320	2
133.654059	133.654059	3
134.060408	134.060408	4
134.466757	134.466757	1
134.873107	134.873107	2
135.279456	135.279456	3
135.685805	135.685805	4
136.080544	136.080544	1
136.486893	136.486893	2
136.893243	136.893243	3
137.299592	137.299592	4
137.705941	137.705941	1
138.100680	138.100680	2
138.518639	138.518639	3
138.924989	138.924989	4
139.319728	139.319728	1
139.726077	139.726077	2
140.120816	140.120816	3
140.527166	140.527166	4
140.933515	140.933515	1
141.339864	141.339864	2
141.746213	141.746213	3
142.152562	142.152562	4
142.558912	142.558912	1
142.953651	142.953651	2
143.348390	143.348390	3
143.754739	143.754739	4
144.161088	144.161088	1
144.567438	144.567438	2
144.973787	144.973787	3
145.380136	145.380136	4
145.786485	145.786485	1
146.192834	146.192834	2
146.599184	146.599184	3
147.005533	147.005533	4
147.411882	147.411882	1
147.806621	147.806621	2
148.212971	148.212971	3
148.619320	148.619320	4
149.014059	149.014059	1
149.432018	149.432018	2
149.826757	149.826757	3
150.233107	150.233107	4
150.639456	150.639456	1
151.045805	151.045805	2
151.440544	151.440544	3
151.846893	151.846893	4
152.253243	152.253243	1
152.659592	152.659592	2
153.065941	153.065941	3
153.460680	153.460680	4
153.867029	153.867029	1
154.273379	154.273379	2
154.668118	154.668118	3
155.074467	155.074467	4
155.480816	155.480816	1
155.887166	155.887166	2
156.293515	156.293515	3
156.699864	156.699864	4
157.106213	157.106213	1
157.500952	157.500952	2
157.907302	157.907302	3
158.313651	158.313651	4
158.720000	158.720000	1
159.126349	159.126349	2
159.532698	159.532698	3
159.939048	159.939048	4
160.345397	160.345397	1
160.751746	160.751746	2
161.158095	161.158095	3
161.552834	161.552834	4
161.959184	161.959184	1
162.365533	162.365533	2
162.771882	162.771882	3
163.178231	163.178231	4
163.584580	163.584580	1
163.979320	163.979320	2
164.374059	164.374059	3
164.780408	164.780408	4
165.175147	165.175147	1
165.593107	165.593107	2
165.999456	165.999456	3
166.405805	166.405805	4
166.800544	166.800544	1
167.206893	167.206893	2
167.613243	167.613243	3
168.019592	168.019592	4
168.414331	168.414331	1
168.820680	168.820680	2
169.227029	169.227029	3
169.633379	169.633379	4
170.039728	170.039728	1
170.446077	170.446077	2
170.852426	170.852426	3
171.258776	171.258776	4
171.665125	171.665125	1
172.071474	172.071474	2
172.477823	172.477823	3
172.884172	172.884172	4
173.278912	173.278912	1
173.673651	173.673651	2
174.080000	174.080000	3
174.486349	174.486349	4
174.892698	174.892698	1
175.299048	175.299048	2
175.705397	175.705397	3
176.111746	176.111746	4
176.506485	176.506485	1
176.924444	176.924444	2
177.330794	177.330794	3
177.725533	177.725533	4
178.131882	178.131882	1
178.561451	178.561451	2
178.991020	178.991020	3
179.420590	179.420590	4
179.861769	179.861769	1
180.291338	180.291338	2
180.720907	180.720907	3
181.150476	181.150476	4
181.580045	181.580045	1
182.009615	182.009615	2
182.450794	182.450794	3
182.891973	182.891973	4
183.333152	183.333152	1
183.774331	183.774331	2
184.215510	184.215510	3
184.656689	184.656689	4
185.097868	185.097868	1
185.539048	185.539048	2
